integer value	ROI intensity	reference intensity
  0.000000	3084.000000	  0.003646
 50.000000	3203.000000	  0.003314
100.000000	3104.000000	  0.003646
150.000000	3097.000000	  0.003646
200.000000	3166.000000	  0.003480
250.000000	3142.000000	  0.003646
300.000000	3087.000000	  0.003480
350.000000	3085.000000	  0.003811
400.000000	3100.000000	  0.003480
450.000000	3048.000000	  0.003480
500.000000	3043.000000	  0.003646
550.000000	3055.000000	  0.003646
600.000000	2905.000000	  0.003480
650.000000	3045.000000	  0.003646
700.000000	2968.000000	  0.003480
750.000000	3057.000000	  0.003646
800.000000	2958.000000	  0.003480
850.000000	2994.000000	  0.003646
900.000000	2960.000000	  0.003480
950.000000	2946.000000	  0.003480
1000.000000	2920.000000	  0.003480
1050.000000	2868.000000	  0.003480
1100.000000	2870.000000	  0.003480
1150.000000	2785.000000	  0.003480
1200.000000	2802.000000	  0.003480
1250.000000	2788.000000	  0.003646
1300.000000	2666.000000	  0.003480
1350.000000	2695.000000	  0.003480
1400.000000	2669.000000	  0.003480
1450.000000	2659.000000	  0.003314
1500.000000	2637.000000	  0.003646
1550.000000	2554.000000	  0.003480
1600.000000	2468.000000	  0.003480
1650.000000	2406.000000	  0.003646
1700.000000	2309.000000	  0.003480
1750.000000	2316.000000	  0.003480
1800.000000	2229.000000	  0.003646
1850.000000	2174.000000	  0.003646
1900.000000	2060.000000	  0.003646
1950.000000	1939.000000	  0.003480
2000.000000	1770.000000	  0.003480
2050.000000	1715.000000	  0.003480
2100.000000	1576.000000	  0.003480
2150.000000	1456.000000	  0.003646
2200.000000	1352.000000	  0.003480
2250.000000	1206.000000	  0.003646
2300.000000	1128.000000	  0.003480
2350.000000	1200.000000	  0.003646
2400.000000	1280.000000	  0.003646
2450.000000	1827.000000	  0.003480
2500.000000	2737.000000	  0.003480
2550.000000	3926.000000	  0.003480
2600.000000	6028.000000	  0.003480
2650.000000	8661.000000	  0.003480
2700.000000	13100.000000	  0.003646
2750.000000	18273.000000	  0.003646
2800.000000	24704.000000	  0.003480
2850.000000	30241.000000	  0.003480
2900.000000	35569.000000	  0.003646
2950.000000	39991.000000	  0.003646
3000.000000	43553.000000	  0.003646
3050.000000	45598.000000	  0.003480
3100.000000	46659.000000	  0.003646
3150.000000	45322.000000	  0.003480
3200.000000	42838.000000	  0.003646
3250.000000	37995.000000	  0.003811
3300.000000	33083.000000	  0.003480
3350.000000	28183.000000	  0.003646
3400.000000	24443.000000	  0.003646
3450.000000	21113.000000	  0.003480
3500.000000	17377.000000	  0.003646
3550.000000	13965.000000	  0.003646
3600.000000	11149.000000	  0.003811
3650.000000	8423.000000	  0.003646
3700.000000	6552.000000	  0.003480
3750.000000	4632.000000	  0.003646
3800.000000	3136.000000	  0.003646
3850.000000	1977.000000	  0.003646
3900.000000	1320.000000	  0.003480
3950.000000	1133.000000	  0.003811
4000.000000	1157.000000	  0.003480
4050.000000	1490.000000	  0.003646
4100.000000	1531.000000	  0.003480
4150.000000	1786.000000	  0.003811
4200.000000	2036.000000	  0.003480
4250.000000	2186.000000	  0.003646
4300.000000	2286.000000	  0.003480
4350.000000	2313.000000	  0.003811
4400.000000	2582.000000	  0.003480
4450.000000	2588.000000	  0.003480
4500.000000	2648.000000	  0.003646
4550.000000	2737.000000	  0.003646
4600.000000	2848.000000	  0.003646
4650.000000	2815.000000	  0.003480
4700.000000	2876.000000	  0.003480
4750.000000	2836.000000	  0.003480
4800.000000	2954.000000	  0.003646
4850.000000	3034.000000	  0.003480
4900.000000	2907.000000	  0.003646
4950.000000	2971.000000	  0.003646
5000.000000	3038.000000	  0.003811
5050.000000	3077.000000	  0.003811
5100.000000	3037.000000	  0.003646
5150.000000	3057.000000	  0.003480
5200.000000	3029.000000	  0.003480
5250.000000	3022.000000	  0.003646
5300.000000	3063.000000	  0.003480
5350.000000	3027.000000	  0.003646
5400.000000	3087.000000	  0.003480
5450.000000	3069.000000	  0.003480
5500.000000	3105.000000	  0.003480
5550.000000	3075.000000	  0.003646
5600.000000	3134.000000	  0.003646
5650.000000	3129.000000	  0.003314
5700.000000	3112.000000	  0.003480
5750.000000	3060.000000	  0.003314
5800.000000	3070.000000	  0.003646
5850.000000	3058.000000	  0.003480
5900.000000	3092.000000	  0.003646
5950.000000	3047.000000	  0.003480
6000.000000	2994.000000	  0.003646
6050.000000	3032.000000	  0.003480
6100.000000	3052.000000	  0.003480
6150.000000	3127.000000	  0.003480
6200.000000	2962.000000	  0.003480
6250.000000	3030.000000	  0.003480
6300.000000	3003.000000	  0.003646
6350.000000	3019.000000	  0.003480
6400.000000	3012.000000	  0.003646
6450.000000	2897.000000	  0.003646
6500.000000	2891.000000	  0.003646
6550.000000	2868.000000	  0.003480
6600.000000	2793.000000	  0.003646
6650.000000	2832.000000	  0.003480
6700.000000	2839.000000	  0.003480
6750.000000	2828.000000	  0.003480
6800.000000	2784.000000	  0.003480
6850.000000	2866.000000	  0.003646
6900.000000	2746.000000	  0.003646
6950.000000	2752.000000	  0.003646
7000.000000	2597.000000	  0.003480
7050.000000	2543.000000	  0.003480
7100.000000	2523.000000	  0.003480
7150.000000	2433.000000	  0.003480
7200.000000	2423.000000	  0.003314
7250.000000	2257.000000	  0.003811
7300.000000	2234.000000	  0.003646
7350.000000	2114.000000	  0.003646
7400.000000	2036.000000	  0.003480
7450.000000	2011.000000	  0.003811
7500.000000	1731.000000	  0.003646
7550.000000	1684.000000	  0.003646
7600.000000	1463.000000	  0.003646
7650.000000	1244.000000	  0.003480
7700.000000	1118.000000	  0.003480
7750.000000	1144.000000	  0.003646
7800.000000	1353.000000	  0.003646
7850.000000	1966.000000	  0.003480
7900.000000	3036.000000	  0.003480
7950.000000	5072.000000	  0.003480
8000.000000	7852.000000	  0.003480
8050.000000	11992.000000	  0.003646
8100.000000	16822.000000	  0.003480
8150.000000	22297.000000	  0.003646
8200.000000	28006.000000	  0.003314
8250.000000	33547.000000	  0.003480
8300.000000	38503.000000	  0.003480
8350.000000	42225.000000	  0.003480
8400.000000	43358.000000	  0.003646
8450.000000	44054.000000	  0.003646
8500.000000	41656.000000	  0.003646
8550.000000	39675.000000	  0.003646
8600.000000	35194.000000	  0.003480
8650.000000	31054.000000	  0.003646
8700.000000	26158.000000	  0.003480
8750.000000	21631.000000	  0.003480
8800.000000	17775.000000	  0.003646
8850.000000	14600.000000	  0.003646
8900.000000	11236.000000	  0.003480
8950.000000	8702.000000	  0.003480
9000.000000	6325.000000	  0.003480
9050.000000	4314.000000	  0.003480
9100.000000	2660.000000	  0.003646
9150.000000	1627.000000	  0.003646
9200.000000	1163.000000	  0.003480
9250.000000	1221.000000	  0.003646
9300.000000	1347.000000	  0.003480
9350.000000	1609.000000	  0.003646
9400.000000	1874.000000	  0.003646
9450.000000	2123.000000	  0.003646
9500.000000	2129.000000	  0.003646
9550.000000	2361.000000	  0.003646
9600.000000	2456.000000	  0.003646
9650.000000	2533.000000	  0.003480
9700.000000	2630.000000	  0.003646
9750.000000	2826.000000	  0.003646
9800.000000	2855.000000	  0.003646
9850.000000	2772.000000	  0.003646
9900.000000	2875.000000	  0.003646
9950.000000	2996.000000	  0.003480
10000.000000	2879.000000	  0.003646
10050.000000	2949.000000	  0.003480
10100.000000	2968.000000	  0.003480
10150.000000	2980.000000	  0.003480
10200.000000	2984.000000	  0.003314
10250.000000	3004.000000	  0.003480
10300.000000	3039.000000	  0.003811
10350.000000	3120.000000	  0.003646
10400.000000	3126.000000	  0.003480
10450.000000	3091.000000	  0.003646
10500.000000	3014.000000	  0.003480
10550.000000	3098.000000	  0.003480
10600.000000	3187.000000	  0.003480
10650.000000	3210.000000	  0.003646
10700.000000	3148.000000	  0.003480
10750.000000	3053.000000	  0.003480
10800.000000	3181.000000	  0.003480
10850.000000	3088.000000	  0.003646
10900.000000	3130.000000	  0.003480
10950.000000	3135.000000	  0.003480
11000.000000	3106.000000	  0.003480
11050.000000	3091.000000	  0.003480
11100.000000	3018.000000	  0.003480
11150.000000	3149.000000	  0.003646
11200.000000	3116.000000	  0.003480
11250.000000	3032.000000	  0.003480
11300.000000	3042.000000	  0.003811
11350.000000	3032.000000	  0.003646
11400.000000	3024.000000	  0.003480
11450.000000	2942.000000	  0.003646
11500.000000	3029.000000	  0.003314
11550.000000	3020.000000	  0.003646
11600.000000	3020.000000	  0.003480
11650.000000	2851.000000	  0.003646
11700.000000	2859.000000	  0.003314
11750.000000	2856.000000	  0.003314
11800.000000	2835.000000	  0.003646
11850.000000	2762.000000	  0.003646
11900.000000	2734.000000	  0.003646
11950.000000	2700.000000	  0.003811
12000.000000	2613.000000	  0.003646
12050.000000	2614.000000	  0.003314
12100.000000	2435.000000	  0.003314
12150.000000	2458.000000	  0.003480
12200.000000	2370.000000	  0.003646
12250.000000	2173.000000	  0.003480
12300.000000	2151.000000	  0.003646
12350.000000	1979.000000	  0.003646
12400.000000	1905.000000	  0.003480
12450.000000	1634.000000	  0.003646
12500.000000	1490.000000	  0.003480
12550.000000	1397.000000	  0.003646
12600.000000	1175.000000	  0.003480
12650.000000	1147.000000	  0.003811
12700.000000	1296.000000	  0.003480
12750.000000	1863.000000	  0.003480
12800.000000	3292.000000	  0.003314
12850.000000	5743.000000	  0.003646
12900.000000	8583.000000	  0.003646
12950.000000	12282.000000	  0.003811
13000.000000	16286.000000	  0.003480
13050.000000	21369.000000	  0.003811
13100.000000	26086.000000	  0.003480
13150.000000	30738.000000	  0.003480
13200.000000	34476.000000	  0.003480
13250.000000	37676.000000	  0.003480
13300.000000	38701.000000	  0.003480
13350.000000	39519.000000	  0.003480
13400.000000	38066.000000	  0.003646
13450.000000	35516.000000	  0.003646
13500.000000	32346.000000	  0.003480
13550.000000	28647.000000	  0.003480
13600.000000	24227.000000	  0.003646
13650.000000	20221.000000	  0.003480
13700.000000	16510.000000	  0.003480
13750.000000	13183.000000	  0.003480
13800.000000	10278.000000	  0.003811
13850.000000	7685.000000	  0.003646
13900.000000	5382.000000	  0.003480
13950.000000	3559.000000	  0.003646
14000.000000	2063.000000	  0.003480
14050.000000	1272.000000	  0.003480
14100.000000	1219.000000	  0.003646
14150.000000	1286.000000	  0.003646
14200.000000	1624.000000	  0.003646
14250.000000	1857.000000	  0.003480
14300.000000	2240.000000	  0.003480
14350.000000	2386.000000	  0.003314
14400.000000	2558.000000	  0.003480
14450.000000	2655.000000	  0.003480
14500.000000	2711.000000	  0.003646
14550.000000	2758.000000	  0.003480
14600.000000	2765.000000	  0.003646
14650.000000	2835.000000	  0.003646
14700.000000	2906.000000	  0.003646
14750.000000	3083.000000	  0.003480
14800.000000	2994.000000	  0.003646
14850.000000	2955.000000	  0.003480
14900.000000	3076.000000	  0.003646
14950.000000	3005.000000	  0.003646
15000.000000	3091.000000	  0.003646
15050.000000	3141.000000	  0.003480
15100.000000	3132.000000	  0.003646
15150.000000	3094.000000	  0.003646
15200.000000	3128.000000	  0.003811
15250.000000	3174.000000	  0.003480
15300.000000	3139.000000	  0.003646
15350.000000	3080.000000	  0.003646
15400.000000	3191.000000	  0.003811
15450.000000	3145.000000	  0.003646
15500.000000	3137.000000	  0.003811
15550.000000	3144.000000	  0.003646
15600.000000	3201.000000	  0.003480
15650.000000	3172.000000	  0.003646
15700.000000	3170.000000	  0.003646
15750.000000	3060.000000	  0.003646
15800.000000	3125.000000	  0.003480
15850.000000	2995.000000	  0.003480
15900.000000	2996.000000	  0.003480
15950.000000	3076.000000	  0.003646
