integer value	ROI intensity	reference intensity
4000.000000	32068.000000	  0.000000
4025.000000	32419.000000	  0.004143
4050.000000	31244.000000	  0.003811
4075.000000	29831.000000	  0.003811
4100.000000	28474.000000	  0.003811
4125.000000	28774.000000	  0.003977
4150.000000	27252.000000	  0.003977
4175.000000	26181.000000	  0.003977
4200.000000	25860.000000	  0.003977
4225.000000	25477.000000	  0.004143
4250.000000	25064.000000	  0.004143
4275.000000	26456.000000	  0.003977
4300.000000	25681.000000	  0.003811
4325.000000	26709.000000	  0.003977
4350.000000	26988.000000	  0.003977
4375.000000	27193.000000	  0.003811
4400.000000	28156.000000	  0.003811
4425.000000	29716.000000	  0.003811
4450.000000	30474.000000	  0.003977
4475.000000	31405.000000	  0.003977
4500.000000	32421.000000	  0.003811
4525.000000	33641.000000	  0.003977
4550.000000	  0.000000	  0.000000
4575.000000	  0.000000	  0.000000
4600.000000	  0.000000	  0.000000
4625.000000	  0.000000	  0.000000
4650.000000	  0.000000	  0.000000
4675.000000	  0.000000	  0.000000
4700.000000	  0.000000	  0.000000
4725.000000	  0.000000	  0.000000
4750.000000	  0.000000	  0.000000
4775.000000	  0.000000	  0.000000
4800.000000	  0.000000	  0.000000
4825.000000	  0.000000	  0.000000
4850.000000	  0.000000	  0.000000
4875.000000	  0.000000	  0.000000
4900.000000	  0.000000	  0.000000
4925.000000	  0.000000	  0.000000
4950.000000	  0.000000	  0.000000
4975.000000	  0.000000	  0.000000
5000.000000	  0.000000	  0.000000
5025.000000	  0.000000	  0.000000
5050.000000	  0.000000	  0.000000
5075.000000	  0.000000	  0.000000
5100.000000	  0.000000	  0.000000
5125.000000	  0.000000	  0.000000
5150.000000	  0.000000	  0.000000
5175.000000	  0.000000	  0.000000
5200.000000	  0.000000	  0.000000
5225.000000	  0.000000	  0.000000
5250.000000	  0.000000	  0.000000
5275.000000	  0.000000	  0.000000
5300.000000	  0.000000	  0.000000
5325.000000	  0.000000	  0.000000
5350.000000	  0.000000	  0.000000
5375.000000	  0.000000	  0.000000
5400.000000	  0.000000	  0.000000
5425.000000	  0.000000	  0.000000
5450.000000	  0.000000	  0.000000
5475.000000	  0.000000	  0.000000
5500.000000	  0.000000	  0.000000
5525.000000	  0.000000	  0.000000
5550.000000	  0.000000	  0.000000
5575.000000	  0.000000	  0.000000
5600.000000	  0.000000	  0.000000
5625.000000	  0.000000	  0.000000
5650.000000	  0.000000	  0.000000
5675.000000	  0.000000	  0.000000
5700.000000	  0.000000	  0.000000
5725.000000	  0.000000	  0.000000
5750.000000	  0.000000	  0.000000
5775.000000	  0.000000	  0.000000
5800.000000	  0.000000	  0.000000
5825.000000	  0.000000	  0.000000
5850.000000	  0.000000	  0.000000
5875.000000	  0.000000	  0.000000
5900.000000	  0.000000	  0.000000
5925.000000	  0.000000	  0.000000
5950.000000	  0.000000	  0.000000
5975.000000	  0.000000	  0.000000
6000.000000	  0.000000	  0.000000
6025.000000	  0.000000	  0.000000
6050.000000	  0.000000	  0.000000
6075.000000	  0.000000	  0.000000
6100.000000	  0.000000	  0.000000
6125.000000	  0.000000	  0.000000
6150.000000	  0.000000	  0.000000
6175.000000	  0.000000	  0.000000
6200.000000	  0.000000	  0.000000
6225.000000	  0.000000	  0.000000
6250.000000	  0.000000	  0.000000
6275.000000	  0.000000	  0.000000
6300.000000	  0.000000	  0.000000
6325.000000	  0.000000	  0.000000
6350.000000	  0.000000	  0.000000
6375.000000	  0.000000	  0.000000
6400.000000	  0.000000	  0.000000
6425.000000	  0.000000	  0.000000
6450.000000	  0.000000	  0.000000
6475.000000	  0.000000	  0.000000
6500.000000	  0.000000	  0.000000
6525.000000	  0.000000	  0.000000
6550.000000	  0.000000	  0.000000
6575.000000	  0.000000	  0.000000
6600.000000	  0.000000	  0.000000
6625.000000	  0.000000	  0.000000
6650.000000	  0.000000	  0.000000
6675.000000	  0.000000	  0.000000
6700.000000	  0.000000	  0.000000
6725.000000	  0.000000	  0.000000
6750.000000	  0.000000	  0.000000
6775.000000	  0.000000	  0.000000
6800.000000	  0.000000	  0.000000
6825.000000	  0.000000	  0.000000
6850.000000	  0.000000	  0.000000
6875.000000	  0.000000	  0.000000
6900.000000	  0.000000	  0.000000
6925.000000	  0.000000	  0.000000
6950.000000	  0.000000	  0.000000
6975.000000	  0.000000	  0.000000
7000.000000	  0.000000	  0.000000
7025.000000	  0.000000	  0.000000
7050.000000	  0.000000	  0.000000
7075.000000	  0.000000	  0.000000
7100.000000	  0.000000	  0.000000
7125.000000	  0.000000	  0.000000
7150.000000	  0.000000	  0.000000
7175.000000	  0.000000	  0.000000
7200.000000	  0.000000	  0.000000
7225.000000	  0.000000	  0.000000
7250.000000	  0.000000	  0.000000
7275.000000	  0.000000	  0.000000
7300.000000	  0.000000	  0.000000
7325.000000	  0.000000	  0.000000
7350.000000	  0.000000	  0.000000
7375.000000	  0.000000	  0.000000
7400.000000	  0.000000	  0.000000
7425.000000	  0.000000	  0.000000
7450.000000	  0.000000	  0.000000
7475.000000	  0.000000	  0.000000
7500.000000	  0.000000	  0.000000
7525.000000	  0.000000	  0.000000
7550.000000	  0.000000	  0.000000
7575.000000	  0.000000	  0.000000
7600.000000	  0.000000	  0.000000
7625.000000	  0.000000	  0.000000
7650.000000	  0.000000	  0.000000
7675.000000	  0.000000	  0.000000
7700.000000	  0.000000	  0.000000
7725.000000	  0.000000	  0.000000
7750.000000	  0.000000	  0.000000
7775.000000	  0.000000	  0.000000
7800.000000	  0.000000	  0.000000
7825.000000	  0.000000	  0.000000
7850.000000	  0.000000	  0.000000
7875.000000	  0.000000	  0.000000
7900.000000	  0.000000	  0.000000
7925.000000	  0.000000	  0.000000
7950.000000	  0.000000	  0.000000
7975.000000	  0.000000	  0.000000
8000.000000	  0.000000	  0.000000
8025.000000	  0.000000	  0.000000
8050.000000	  0.000000	  0.000000
8075.000000	  0.000000	  0.000000
8100.000000	  0.000000	  0.000000
8125.000000	  0.000000	  0.000000
8150.000000	  0.000000	  0.000000
8175.000000	  0.000000	  0.000000
8200.000000	  0.000000	  0.000000
8225.000000	  0.000000	  0.000000
8250.000000	  0.000000	  0.000000
8275.000000	  0.000000	  0.000000
8300.000000	  0.000000	  0.000000
8325.000000	  0.000000	  0.000000
8350.000000	  0.000000	  0.000000
8375.000000	  0.000000	  0.000000
8400.000000	  0.000000	  0.000000
8425.000000	  0.000000	  0.000000
8450.000000	  0.000000	  0.000000
8475.000000	  0.000000	  0.000000
8500.000000	  0.000000	  0.000000
8525.000000	  0.000000	  0.000000
8550.000000	  0.000000	  0.000000
8575.000000	  0.000000	  0.000000
8600.000000	  0.000000	  0.000000
8625.000000	  0.000000	  0.000000
8650.000000	  0.000000	  0.000000
8675.000000	  0.000000	  0.000000
8700.000000	  0.000000	  0.000000
8725.000000	  0.000000	  0.000000
8750.000000	  0.000000	  0.000000
8775.000000	  0.000000	  0.000000
8800.000000	  0.000000	  0.000000
8825.000000	  0.000000	  0.000000
8850.000000	  0.000000	  0.000000
8875.000000	  0.000000	  0.000000
8900.000000	  0.000000	  0.000000
8925.000000	  0.000000	  0.000000
8950.000000	  0.000000	  0.000000
8975.000000	  0.000000	  0.000000
9000.000000	  0.000000	  0.000000
9025.000000	  0.000000	  0.000000
9050.000000	  0.000000	  0.000000
9075.000000	  0.000000	  0.000000
9100.000000	  0.000000	  0.000000
9125.000000	  0.000000	  0.000000
9150.000000	  0.000000	  0.000000
9175.000000	  0.000000	  0.000000
9200.000000	  0.000000	  0.000000
9225.000000	  0.000000	  0.000000
9250.000000	  0.000000	  0.000000
9275.000000	  0.000000	  0.000000
9300.000000	  0.000000	  0.000000
9325.000000	  0.000000	  0.000000
9350.000000	  0.000000	  0.000000
9375.000000	  0.000000	  0.000000
9400.000000	  0.000000	  0.000000
9425.000000	  0.000000	  0.000000
9450.000000	  0.000000	  0.000000
9475.000000	  0.000000	  0.000000
9500.000000	  0.000000	  0.000000
9525.000000	  0.000000	  0.000000
9550.000000	  0.000000	  0.000000
9575.000000	  0.000000	  0.000000
9600.000000	  0.000000	  0.000000
9625.000000	  0.000000	  0.000000
9650.000000	  0.000000	  0.000000
9675.000000	  0.000000	  0.000000
9700.000000	  0.000000	  0.000000
9725.000000	  0.000000	  0.000000
9750.000000	  0.000000	  0.000000
9775.000000	  0.000000	  0.000000
9800.000000	  0.000000	  0.000000
9825.000000	  0.000000	  0.000000
9850.000000	  0.000000	  0.000000
9875.000000	  0.000000	  0.000000
9900.000000	  0.000000	  0.000000
9925.000000	  0.000000	  0.000000
9950.000000	  0.000000	  0.000000
9975.000000	  0.000000	  0.000000
10000.000000	  0.000000	  0.000000
10025.000000	  0.000000	  0.000000
10050.000000	  0.000000	  0.000000
10075.000000	  0.000000	  0.000000
10100.000000	  0.000000	  0.000000
10125.000000	  0.000000	  0.000000
10150.000000	  0.000000	  0.000000
10175.000000	  0.000000	  0.000000
10200.000000	  0.000000	  0.000000
10225.000000	  0.000000	  0.000000
10250.000000	  0.000000	  0.000000
10275.000000	  0.000000	  0.000000
10300.000000	  0.000000	  0.000000
10325.000000	  0.000000	  0.000000
10350.000000	  0.000000	  0.000000
10375.000000	  0.000000	  0.000000
10400.000000	  0.000000	  0.000000
10425.000000	  0.000000	  0.000000
10450.000000	  0.000000	  0.000000
10475.000000	  0.000000	  0.000000
10500.000000	  0.000000	  0.000000
10525.000000	  0.000000	  0.000000
10550.000000	  0.000000	  0.000000
10575.000000	  0.000000	  0.000000
10600.000000	  0.000000	  0.000000
10625.000000	  0.000000	  0.000000
10650.000000	  0.000000	  0.000000
10675.000000	  0.000000	  0.000000
10700.000000	  0.000000	  0.000000
10725.000000	  0.000000	  0.000000
10750.000000	  0.000000	  0.000000
10775.000000	  0.000000	  0.000000
10800.000000	  0.000000	  0.000000
10825.000000	  0.000000	  0.000000
10850.000000	  0.000000	  0.000000
10875.000000	  0.000000	  0.000000
10900.000000	  0.000000	  0.000000
10925.000000	  0.000000	  0.000000
10950.000000	  0.000000	  0.000000
10975.000000	  0.000000	  0.000000
11000.000000	  0.000000	  0.000000
11025.000000	  0.000000	  0.000000
11050.000000	  0.000000	  0.000000
11075.000000	  0.000000	  0.000000
11100.000000	  0.000000	  0.000000
11125.000000	  0.000000	  0.000000
11150.000000	  0.000000	  0.000000
11175.000000	  0.000000	  0.000000
11200.000000	  0.000000	  0.000000
11225.000000	  0.000000	  0.000000
11250.000000	  0.000000	  0.000000
11275.000000	  0.000000	  0.000000
11300.000000	  0.000000	  0.000000
11325.000000	  0.000000	  0.000000
11350.000000	  0.000000	  0.000000
11375.000000	  0.000000	  0.000000
11400.000000	  0.000000	  0.000000
11425.000000	  0.000000	  0.000000
11450.000000	  0.000000	  0.000000
11475.000000	  0.000000	  0.000000
11500.000000	  0.000000	  0.000000
11525.000000	  0.000000	  0.000000
11550.000000	  0.000000	  0.000000
11575.000000	  0.000000	  0.000000
11600.000000	  0.000000	  0.000000
11625.000000	  0.000000	  0.000000
11650.000000	  0.000000	  0.000000
11675.000000	  0.000000	  0.000000
11700.000000	  0.000000	  0.000000
11725.000000	  0.000000	  0.000000
11750.000000	  0.000000	  0.000000
11775.000000	  0.000000	  0.000000
11800.000000	  0.000000	  0.000000
11825.000000	  0.000000	  0.000000
11850.000000	  0.000000	  0.000000
11875.000000	  0.000000	  0.000000
11900.000000	  0.000000	  0.000000
11925.000000	  0.000000	  0.000000
11950.000000	  0.000000	  0.000000
11975.000000	  0.000000	  0.000000
